Cantidad de Procesos,Nombre,Hora de Inicio,Hora de Fin,Tiempo Total
150,process_0,0,1,1
150,process_1,5,6,1
150,process_2,10,12,2
150,process_3,15,23,8
150,process_4,20,27,7
150,process_5,25,31,6
150,process_6,30,37,7
150,process_7,35,43,8
150,process_8,40,45,5
150,process_9,45,48,3
150,process_10,50,59,9
150,process_11,55,61,6
150,process_12,60,65,5
150,process_13,65,70,5
150,process_14,70,76,6
150,process_15,75,79,4
150,process_16,80,86,6
150,process_17,85,89,4
150,process_18,90,98,8
150,process_19,95,104,9
150,process_20,100,102,2
150,process_21,105,114,9
150,process_22,110,116,6
150,process_23,115,122,7
150,process_24,120,129,9
150,process_25,125,128,3
150,process_26,130,132,2
150,process_27,135,136,1
150,process_28,140,149,9
150,process_29,145,150,5
150,process_30,150,151,1
150,process_31,155,164,9
150,process_32,160,165,5
150,process_33,165,167,2
150,process_34,170,178,8
150,process_35,175,184,9
150,process_36,180,188,8
150,process_37,185,193,8
150,process_38,190,195,5
150,process_39,195,199,4
150,process_40,200,206,6
150,process_41,205,213,8
150,process_42,210,219,9
150,process_43,215,220,5
150,process_44,220,226,6
150,process_45,225,234,9
150,process_46,230,239,9
150,process_47,235,236,1
150,process_48,240,241,1
150,process_49,245,247,2
150,process_50,250,252,2
150,process_51,255,261,6
150,process_52,260,263,3
150,process_53,265,266,1
150,process_54,270,273,3
150,process_55,275,282,7
150,process_56,280,289,9
150,process_57,285,291,6
150,process_58,290,291,1
150,process_59,295,296,1
150,process_60,300,305,5
150,process_61,305,311,6
150,process_62,310,314,4
150,process_63,315,319,4
150,process_64,320,321,1
150,process_65,325,329,4
150,process_66,330,334,4
150,process_67,335,339,4
150,process_68,340,346,6
150,process_69,345,349,4
150,process_70,350,353,3
150,process_71,355,362,7
150,process_72,360,366,6
150,process_73,365,372,7
150,process_74,370,375,5
150,process_75,375,380,5
150,process_76,380,388,8
150,process_77,385,387,2
150,process_78,390,393,3
150,process_79,395,398,3
150,process_80,400,408,8
150,process_81,405,413,8
150,process_82,410,415,5
150,process_83,415,420,5
150,process_84,420,427,7
150,process_85,425,431,6
150,process_86,430,432,2
150,process_87,435,438,3
150,process_88,440,443,3
150,process_89,445,446,1
150,process_90,450,456,6
150,process_91,455,464,9
150,process_92,460,464,4
150,process_93,465,472,7
150,process_94,470,476,6
150,process_95,475,482,7
150,process_96,480,488,8
150,process_97,485,494,9
150,process_98,490,491,1
150,process_99,495,502,7
150,process_100,500,502,2
150,process_101,505,511,6
150,process_102,510,517,7
150,process_103,515,520,5
150,process_104,520,525,5
150,process_105,525,533,8
150,process_106,530,536,6
150,process_107,535,543,8
150,process_108,540,544,4
150,process_109,545,548,3
150,process_110,550,552,2
150,process_111,555,557,2
150,process_112,560,563,3
150,process_113,565,569,4
150,process_114,570,574,4
150,process_115,575,579,4
150,process_116,580,581,1
150,process_117,585,594,9
150,process_118,590,597,7
150,process_119,595,601,6
150,process_120,600,602,2
150,process_121,605,609,4
150,process_122,610,618,8
150,process_123,615,624,9
150,process_124,620,622,2
150,process_125,625,633,8
150,process_126,630,632,2
150,process_127,635,641,6
150,process_128,640,649,9
150,process_129,645,651,6
150,process_130,650,653,3
150,process_131,655,656,1
150,process_132,660,664,4
150,process_133,665,670,5
150,process_134,670,679,9
150,process_135,675,680,5
150,process_136,680,688,8
150,process_137,685,688,3
150,process_138,690,698,8
150,process_139,695,703,8
150,process_140,700,703,3
150,process_141,705,711,6
150,process_142,710,714,4
150,process_143,715,718,3
150,process_144,720,728,8
150,process_145,725,727,2
150,process_146,730,735,5
150,process_147,735,738,3
150,process_148,740,746,6
150,process_149,745,746,1
