Cantidad de Procesos,Nombre,Hora de Inicio,Hora de Fin,Tiempo Total
200,process_0,0,1,1
200,process_1,5,10,5
200,process_2,10,14,4
200,process_3,15,23,8
200,process_4,20,22,2
200,process_5,25,30,5
200,process_6,30,31,1
200,process_7,35,42,7
200,process_8,40,48,8
200,process_9,45,50,5
200,process_10,50,51,1
200,process_11,55,62,7
200,process_12,60,66,6
200,process_13,65,67,2
200,process_14,70,73,3
200,process_15,75,80,5
200,process_16,80,85,5
200,process_17,85,89,4
200,process_18,90,96,6
200,process_19,95,103,8
200,process_20,100,105,5
200,process_21,105,114,9
200,process_22,110,115,5
200,process_23,115,120,5
200,process_24,120,128,8
200,process_25,125,132,7
200,process_26,130,131,1
200,process_27,135,143,8
200,process_28,140,142,2
200,process_29,145,146,1
200,process_30,150,152,2
200,process_31,155,156,1
200,process_32,160,169,9
200,process_33,165,173,8
200,process_34,170,179,9
200,process_35,175,177,2
200,process_36,180,183,3
200,process_37,185,189,4
200,process_38,190,196,6
200,process_39,195,198,3
200,process_40,200,201,1
200,process_41,205,208,3
200,process_42,210,213,3
200,process_43,215,219,4
200,process_44,220,222,2
200,process_45,225,228,3
200,process_46,230,233,3
200,process_47,235,244,9
200,process_48,240,245,5
200,process_49,245,252,7
200,process_50,250,258,8
200,process_51,255,256,1
200,process_52,260,261,1
200,process_53,265,268,3
200,process_54,270,279,9
200,process_55,275,280,5
200,process_56,280,283,3
200,process_57,285,293,8
200,process_58,290,297,7
200,process_59,295,302,7
200,process_60,300,302,2
200,process_61,305,307,2
200,process_62,310,313,3
200,process_63,315,322,7
200,process_64,320,321,1
200,process_65,325,329,4
200,process_66,330,337,7
200,process_67,335,336,1
200,process_68,340,341,1
200,process_69,345,351,6
200,process_70,350,353,3
200,process_71,355,357,2
200,process_72,360,368,8
200,process_73,365,368,3
200,process_74,370,371,1
200,process_75,375,377,2
200,process_76,380,387,7
200,process_77,385,386,1
200,process_78,390,392,2
200,process_79,395,396,1
200,process_80,400,404,4
200,process_81,405,412,7
200,process_82,410,415,5
200,process_83,415,424,9
200,process_84,420,429,9
200,process_85,425,434,9
200,process_86,430,434,4
200,process_87,435,439,4
200,process_88,440,447,7
200,process_89,445,450,5
200,process_90,450,454,4
200,process_91,455,458,3
200,process_92,460,462,2
200,process_93,465,474,9
200,process_94,470,477,7
200,process_95,475,481,6
200,process_96,480,483,3
200,process_97,485,490,5
200,process_98,490,495,5
200,process_99,495,497,2
200,process_100,500,509,9
200,process_101,505,513,8
200,process_102,510,514,4
200,process_103,515,517,2
200,process_104,520,524,4
200,process_105,525,529,4
200,process_106,530,531,1
200,process_107,535,542,7
200,process_108,540,545,5
200,process_109,545,546,1
200,process_110,550,558,8
200,process_111,555,561,6
200,process_112,560,564,4
200,process_113,565,569,4
200,process_114,570,573,3
200,process_115,575,579,4
200,process_116,580,581,1
200,process_117,585,586,1
200,process_118,590,595,5
200,process_119,595,602,7
200,process_120,600,602,2
200,process_121,605,612,7
200,process_122,610,618,8
200,process_123,615,622,7
200,process_124,620,629,9
200,process_125,625,631,6
200,process_126,630,639,9
200,process_127,635,639,4
200,process_128,640,644,4
200,process_129,645,654,9
200,process_130,650,658,8
200,process_131,655,662,7
200,process_132,660,666,6
200,process_133,665,666,1
200,process_134,670,679,9
200,process_135,675,683,8
200,process_136,680,682,2
200,process_137,685,689,4
200,process_138,690,693,3
200,process_139,695,701,6
200,process_140,700,705,5
200,process_141,705,708,3
200,process_142,710,714,4
200,process_143,715,717,2
200,process_144,720,725,5
200,process_145,725,730,5
200,process_146,730,731,1
200,process_147,735,740,5
200,process_148,740,744,4
200,process_149,745,753,8
200,process_150,750,756,6
200,process_151,755,757,2
200,process_152,760,767,7
200,process_153,765,771,6
200,process_154,770,773,3
200,process_155,775,780,5
200,process_156,780,786,6
200,process_157,785,790,5
200,process_158,790,795,5
200,process_159,795,803,8
200,process_160,800,808,8
200,process_161,805,808,3
200,process_162,810,812,2
200,process_163,815,822,7
200,process_164,820,825,5
200,process_165,825,829,4
200,process_166,830,836,6
200,process_167,835,840,5
200,process_168,840,841,1
200,process_169,845,846,1
200,process_170,850,859,9
200,process_171,855,857,2
200,process_172,860,863,3
200,process_173,865,867,2
200,process_174,870,873,3
200,process_175,875,881,6
200,process_176,880,881,1
200,process_177,885,894,9
200,process_178,890,897,7
200,process_179,895,903,8
200,process_180,900,905,5
200,process_181,905,906,1
200,process_182,910,912,2
200,process_183,915,919,4
200,process_184,920,925,5
200,process_185,925,927,2
200,process_186,930,937,7
200,process_187,935,940,5
200,process_188,940,945,5
200,process_189,945,953,8
200,process_190,950,953,3
200,process_191,955,961,6
200,process_192,960,964,4
200,process_193,965,966,1
200,process_194,970,971,1
200,process_195,975,981,6
200,process_196,980,984,4
200,process_197,985,990,5
200,process_198,990,994,4
200,process_199,995,997,2
