Cantidad de Procesos,Nombre,Hora de Inicio,Hora de Fin,Tiempo Total
150,process_0,0,7,7
150,process_1,3,11,8
150,process_2,6,14,8
150,process_3,9,18,9
150,process_4,12,18,6
150,process_5,15,16,1
150,process_6,18,23,5
150,process_7,21,22,1
150,process_8,24,33,9
150,process_9,27,29,2
150,process_10,30,32,2
150,process_11,33,42,9
150,process_12,36,44,8
150,process_13,39,43,4
150,process_14,42,47,5
150,process_15,45,49,4
150,process_16,48,54,6
150,process_17,51,60,9
150,process_18,54,58,4
150,process_19,57,65,8
150,process_20,60,69,9
150,process_21,63,71,8
150,process_22,66,67,1
150,process_23,69,72,3
150,process_24,72,74,2
150,process_25,75,82,7
150,process_26,78,83,5
150,process_27,81,86,5
150,process_28,84,86,2
150,process_29,87,94,7
150,process_30,90,94,4
150,process_31,93,100,7
150,process_32,96,101,5
150,process_33,99,105,6
150,process_34,102,110,8
150,process_35,105,113,8
150,process_36,108,111,3
150,process_37,111,117,6
150,process_38,114,123,9
150,process_39,117,122,5
150,process_40,120,129,9
150,process_41,123,131,8
150,process_42,126,135,9
150,process_43,129,133,4
150,process_44,132,139,7
150,process_45,135,139,4
150,process_46,138,146,8
150,process_47,141,148,7
150,process_48,144,150,6
150,process_49,147,152,5
150,process_50,150,153,3
150,process_51,153,162,9
150,process_52,156,161,5
150,process_53,159,168,9
150,process_54,162,167,5
150,process_55,165,166,1
150,process_56,168,177,9
150,process_57,171,179,8
150,process_58,174,183,9
150,process_59,177,182,5
150,process_60,180,181,1
150,process_61,183,185,2
150,process_62,186,192,6
150,process_63,189,195,6
150,process_64,192,199,7
150,process_65,195,204,9
150,process_66,198,201,3
150,process_67,201,205,4
150,process_68,204,209,5
150,process_69,207,215,8
150,process_70,210,219,9
150,process_71,213,216,3
150,process_72,216,217,1
150,process_73,219,220,1
150,process_74,222,229,7
150,process_75,225,226,1
150,process_76,228,236,8
150,process_77,231,234,3
150,process_78,234,235,1
150,process_79,237,244,7
150,process_80,240,242,2
150,process_81,243,247,4
150,process_82,246,252,6
150,process_83,249,256,7
150,process_84,252,253,1
150,process_85,255,256,1
150,process_86,258,264,6
150,process_87,261,263,2
150,process_88,264,267,3
150,process_89,267,274,7
150,process_90,270,279,9
150,process_91,273,277,4
150,process_92,276,277,1
150,process_93,279,282,3
150,process_94,282,287,5
150,process_95,285,290,5
150,process_96,288,294,6
150,process_97,291,300,9
150,process_98,294,303,9
150,process_99,297,299,2
150,process_100,300,308,8
150,process_101,303,312,9
150,process_102,306,309,3
150,process_103,309,311,2
150,process_104,312,317,5
150,process_105,315,320,5
150,process_106,318,324,6
150,process_107,321,330,9
150,process_108,324,325,1
150,process_109,327,330,3
150,process_110,330,337,7
150,process_111,333,339,6
150,process_112,336,345,9
150,process_113,339,345,6
150,process_114,342,344,2
150,process_115,345,346,1
150,process_116,348,353,5
150,process_117,351,359,8
150,process_118,354,363,9
150,process_119,357,365,8
150,process_120,360,363,3
150,process_121,363,367,4
150,process_122,366,371,5
150,process_123,369,370,1
150,process_124,372,374,2
150,process_125,375,376,1
150,process_126,378,382,4
150,process_127,381,386,5
150,process_128,384,386,2
150,process_129,387,392,5
150,process_130,390,398,8
150,process_131,393,398,5
150,process_132,396,405,9
150,process_133,399,406,7
150,process_134,402,403,1
150,process_135,405,409,4
150,process_136,408,413,5
150,process_137,411,415,4
150,process_138,414,416,2
150,process_139,417,420,3
150,process_140,420,421,1
150,process_141,423,432,9
150,process_142,426,427,1
150,process_143,429,431,2
150,process_144,432,438,6
150,process_145,435,443,8
150,process_146,438,442,4
150,process_147,441,447,6
150,process_148,444,445,1
150,process_149,447,455,8
